10,98
10,98,123
14,40
14,50,241
14,64,111
14,182
14,182,298
14,203
14,211
14,279
19,205
30,194,217
31,62,156
40,134
42,87,235
51,188,205
57,123
60,214
61,197
61,238
69,96
69,114,239
69,239
78,310
87,90,156
87,209
87,301
89,156
49,93
93,134
93,134,176
94,123
94,206
98,123,134
98,314
99,111,172,190
100,111,208
100,266
107,217
111,222
111,224
111,306,308
111,308,310
123,125
123,134
123,134,182
123,212
123,291
123,314
2,129,143
129,134
129,255
134,173
134,182
134,182,265
134,248
134,265
134,311
146,148,266
156,186,212
156,206
176,205
176,205,252
176,205,264,295
176,205,295
189,194
186,212
186,214
194,222
194,217
195,291
208,212
208,214
208,212,214
230,301
238,310
253,291
235,294
308,310
